0 11
0 295
0 462
0 493
0 581
0 892
0 952
1 120
1 137
1 421
1 468
1 487
1 623
1 807
1 864
1 923
1 1078
2 139
2 160
2 355
2 378
2 897
2 1053
3 180
3 402
3 416
3 420
3 823
3 1093
4 1048
5 96
5 650
5 679
5 690
5 847
5 964
5 1009
6 406
6 531
6 535
6 582
6 686
6 837
6 968
6 1014
7 28
7 374
7 376
7 643
7 689
8 610
8 763
8 1017
9 291
9 370
9 471
9 587
9 623
9 739
9 765
9 864
10 307
10 397
10 482
10 815
11 168
11 485
11 639
11 675
11 796
11 892
11 952
11 1063
12 542
12 647
12 755
12 993
12 1108
13 92
13 311
13 481
14 72
14 604
14 608
14 692
14 995
14 1094
15 41
15 336
15 415
15 924
15 1095
16 57
16 127
16 325
16 818
16 877
17 96
17 272
17 847
17 1064
18 88
18 425
18 534
18 771
19 118
19 345
19 452
19 709
19 791
19 1035
20 177
20 339
20 748
20 1045
21 260
21 393
21 438
21 741
22 235
22 409
22 881
22 882
22 918
23 301
23 357
23 789
24 157
24 302
24 312
24 376
24 430
24 731
24 777
24 887
25 112
25 498
25 883
25 966
26 215
26 373
26 417
26 526
26 951
27 81
27 230
27 279
27 604
27 1094
28 374
28 396
28 689
28 964
28 990
28 1009
29 76
29 77
29 111
29 290
29 560
29 620
29 747
29 767
30 89
30 686
30 1014
31 46
31 432
31 681
31 1067
32 39
32 148
32 353
32 1015
32 1068
33 42
33 382
33 395
33 757
33 927
33 1065
33 1106
33 1114
34 69
34 100
34 511
34 852
34 1067
35 49
35 300
35 451
35 478
35 751
35 1096
36 241
36 399
36 515
36 804
36 890
37 128
37 770
37 1030
37 1033
38 75
38 102
38 429
38 447
38 449
38 570
38 707
39 67
39 148
39 426
39 469
39 557
39 1015
40 155
40 174
40 395
40 907
40 1104
41 106
41 136
41 336
41 415
41 751
41 1117
42 135
42 155
42 395
42 989
42 1057
42 1104
42 1114
43 97
43 413
43 543
43 607
43 649
43 749
43 776
43 1099
44 64
44 79
44 177
44 285
44 288
44 677
44 849
44 1026
45 67
45 104
45 139
45 284
45 897
45 1053
46 432
46 800
46 899
46 1067
47 170
47 1008
47 1039
47 1058
48 97
48 706
48 849
48 920
48 1099
49 451
49 1017
49 1096
50 191
50 266
50 505
50 577
50 641
50 647
50 755
50 828
50 947
50 1027
50 1116
51 219
51 277
51 319
51 357
51 704
51 708
51 903
51 1062
51 1119
52 338
52 477
52 555
52 607
52 796
53 182
53 273
53 453
53 523
53 680
54 55
54 259
54 733
55 350
55 733
55 922
55 983
56 109
56 361
56 433
56 660
56 665
56 817
57 127
57 857
57 877
58 108
58 137
58 265
58 283
58 798
58 972
59 159
59 520
59 585
59 606
59 853
59 879
59 1039
60 207
60 234
60 364
60 371
60 579
60 594
60 1079
61 582
61 587
61 768
62 600
62 614
62 803
62 952
63 78
63 298
63 326
63 404
63 667
63 1011
64 288
64 1026
64 1072
65 115
65 311
65 617
65 789
65 891
66 533
66 549
66 829
66 871
66 1037
66 1038
67 104
67 237
67 284
67 426
67 1015
68 147
68 223
68 491
68 584
68 800
69 189
69 337
69 398
69 431
69 511
69 513
69 852
69 885
69 1085
70 145
70 533
71 199
71 208
71 311
71 684
71 884
72 192
72 258
72 604
72 692
72 769
73 187
73 516
73 747
73 767
74 123
74 181
74 406
74 457
74 535
74 605
74 705
74 816
74 837
74 863
75 102
75 187
75 292
75 516
75 570
75 706
75 979
76 111
76 173
76 456
76 620
76 775
77 309
77 441
77 560
77 620
78 298
78 508
78 563
78 667
79 285
79 463
79 503
79 677
79 920
80 367
80 454
80 537
80 696
80 697
80 787
80 1031
80 1055
81 230
81 887
81 995
81 1051
81 1094
82 475
82 519
82 532
82 764
82 778
82 804
82 811
83 235
83 280
83 380
83 888
83 918
84 414
84 418
84 579
84 709
84 844
84 1066
85 132
85 366
85 835
85 1089
85 1112
86 133
86 664
86 788
86 860
86 1090
87 105
87 381
87 730
87 739
87 784
87 886
87 936
87 1107
88 349
88 425
88 771
89 422
89 686
89 768
89 866
89 1014
90 268
90 436
90 547
90 590
91 367
91 718
91 941
91 949
91 1031
92 311
92 473
93 202
93 503
93 554
93 776
93 840
93 920
93 1099
94 103
94 184
94 251
94 331
94 671
94 1042
95 231
95 465
95 494
95 818
95 877
96 342
96 589
96 847
96 964
96 1064
97 413
97 570
97 706
97 1099
98 245
98 557
98 838
98 878
99 333
99 514
99 626
99 838
99 842
99 878
99 907
99 953
100 410
100 451
100 681
100 740
100 852
100 1067
101 566
101 641
101 828
101 1116
102 225
102 292
102 429
103 130
103 184
103 253
103 344
103 671
103 992
104 237
104 1053
105 381
105 886
105 1112
106 415
106 751
106 1074
106 1095
107 165
107 497
107 527
107 867
107 943
107 974
107 1013
108 200
108 265
108 283
108 522
108 658
108 825
108 841
109 131
109 195
109 204
109 216
109 230
109 254
109 262
109 359
109 402
109 420
109 460
109 592
109 665
109 817
109 942
109 955
109 1044
109 1047
109 1051
110 336
110 478
110 530
110 592
110 814
110 942
110 996
110 1117
111 173
111 747
111 1076
112 343
112 465
112 563
112 667
112 873
112 883
112 905
112 966
113 222
113 316
113 414
113 459
113 506
113 634
113 714
113 715
113 967
113 1066
114 128
114 304
114 309
114 779
114 940
114 1030
114 1115
115 301
115 311
115 789
115 1062
116 448
116 618
116 753
116 957
116 1034
116 1070
117 443
117 809
117 1020
117 1057
117 1104
118 149
118 206
118 668
118 791
118 1035
119 194
119 347
119 381
119 556
119 773
119 1022
120 524
120 923
120 1078
121 126
121 151
121 153
121 276
121 309
121 446
121 517
122 149
122 172
122 246
122 551
122 937
123 457
123 583
123 693
123 705
124 147
124 249
124 683
125 247
125 368
125 531
125 862
125 875
126 150
126 446
126 517
126 588
126 914
126 962
127 188
127 232
127 325
127 666
127 857
127 916
127 932
128 929
128 1030
128 1033
128 1115
129 160
129 378
129 514
129 676
129 786
129 897
130 253
130 344
131 230
131 271
131 279
131 433
131 817
131 1069
131 1092
132 366
132 651
132 685
132 835
132 945
133 267
133 664
133 727
133 1090
134 436
134 719
135 181
135 583
135 846
135 989
135 1114
136 478
136 751
136 1117
137 318
137 468
137 773
137 798
137 972
137 1078
138 211
138 598
138 657
138 933
139 897
139 1053
140 147
140 375
140 491
140 683
140 929
141 203
141 495
141 816
141 863
142 147
142 249
142 432
142 683
142 780
142 783
142 800
143 326
143 588
143 682
143 698
143 935
143 1028
144 195
144 955
144 978
144 1118
145 186
145 308
145 533
145 672
145 826
145 855
145 900
145 954
145 961
146 320
146 476
146 567
146 848
146 887
146 948
147 249
147 491
147 683
147 800
148 334
148 353
148 469
148 762
148 790
148 892
149 206
149 551
149 668
149 937
150 445
150 588
150 682
150 914
150 935
151 162
151 276
151 446
151 466
151 654
151 737
151 1110
152 194
152 972
152 1073
153 276
153 309
153 466
153 761
153 770
153 1109
154 250
154 391
154 445
154 640
154 737
154 914
154 1025
154 1082
155 395
155 1104
156 161
156 186
156 317
156 539
156 697
156 797
156 900
156 961
157 430
157 648
157 777
157 1102
158 373
158 526
158 566
158 641
158 860
158 901
159 520
159 585
160 355
160 378
160 676
160 1050
161 539
161 697
161 787
162 346
162 568
162 654
162 701
162 737
163 739
163 757
163 872
163 1107
164 398
164 480
164 734
164 1056
164 1100
165 256
165 332
165 527
165 843
165 868
165 1013
166 204
166 348
166 351
166 746
166 1044
166 1047
167 528
167 714
167 728
167 821
167 882
168 552
168 639
168 774
168 971
168 984
168 1063
169 209
169 236
169 332
169 527
169 868
170 196
170 1008
170 1039
171 271
171 562
171 763
171 963
172 246
172 824
172 937
172 973
172 976
172 994
172 1080
173 275
173 596
173 775
173 1076
174 382
174 395
174 907
175 226
175 896
175 904
175 1037
175 1038
176 302
176 312
176 479
176 731
176 887
176 948
177 621
177 677
177 748
177 1026
177 1045
178 320
178 567
178 571
178 638
178 662
179 337
179 354
179 428
179 656
179 1085
179 1086
180 402
180 823
180 865
181 286
181 457
181 583
181 605
181 1114
182 273
182 388
182 574
182 680
182 808
183 220
183 585
183 822
183 880
184 331
184 344
184 908
185 211
185 236
185 388
185 808
186 238
186 317
186 672
186 961
186 1113
187 290
187 516
187 767
187 979
187 1049
188 327
188 470
188 666
188 857
188 985
189 398
189 852
189 1074
190 233
190 293
190 635
190 871
191 641
191 647
191 755
191 993
192 258
192 394
192 632
192 769
192 780
192 813
192 929
192 1033
193 240
193 251
193 282
193 331
193 371
193 573
193 622
193 624
193 646
193 663
193 960
194 556
194 972
194 1022
194 1073
195 254
195 460
195 955
195 978
195 998
196 597
196 1008
196 1039
197 243
197 397
197 405
197 653
197 898
197 936
198 220
198 255
198 518
198 575
198 810
198 880
198 1032
199 208
199 274
199 287
199 291
199 401
199 644
199 884
199 981
200 427
200 522
200 658
200 752
200 1021
201 373
201 566
201 636
201 753
201 1004
201 1046
201 1116
202 543
202 554
202 649
202 776
202 906
202 1086
203 220
203 321
203 495
203 794
203 805
203 810
203 816
204 1044
204 1047
205 418
205 482
205 815
205 1066
206 791
206 870
206 937
206 1012
207 594
207 793
207 802
207 956
207 1079
208 274
208 311
208 473
209 236
209 261
209 306
209 419
209 527
210 299
210 450
210 489
210 497
210 792
210 946
210 982
211 236
211 261
211 388
211 504
211 657
211 933
211 1021
212 371
212 844
212 913
212 960
212 1019
213 625
213 930
213 957
213 1016
213 1034
213 1041
214 317
214 691
214 694
214 789
214 997
214 1113
215 362
215 417
215 526
215 901
215 1043
216 348
216 460
216 1044
217 264
217 510
217 529
217 928
217 969
217 1006
217 1091
218 531
218 576
218 980
219 708
219 903
219 1119
220 705
220 794
220 810
220 822
220 880
221 753
221 781
221 957
221 1097
222 506
222 714
222 730
222 1107
223 339
223 584
223 748
223 800
224 918
224 1106
225 292
225 429
225 707
225 801
226 896
226 904
226 1087
227 295
227 324
227 385
227 832
227 858
227 952
228 335
228 341
228 379
228 410
228 432
228 601
228 681
228 859
229 609
229 637
229 994
229 1118
230 279
230 1051
231 465
231 494
231 873
232 325
232 834
232 916
232 932
233 293
233 521
233 591
233 635
233 845
233 871
234 371
234 594
234 625
234 958
234 1034
234 1041
235 409
235 674
235 888
235 918
236 261
236 332
236 536
236 808
237 801
237 1015
237 1053
237 1068
238 672
238 1113
239 561
239 616
239 766
239 849
239 979
240 405
240 624
240 653
240 663
240 945
241 399
241 470
241 602
241 666
241 890
241 986
241 1101
242 358
242 400
242 434
242 438
242 710
243 307
243 397
243 898
244 291
244 383
244 623
244 1000
245 280
245 380
245 407
245 557
245 878
246 551
246 599
246 645
246 824
247 293
247 531
247 635
247 694
247 875
247 895
247 1111
248 438
248 630
248 700
248 710
249 683
250 568
250 640
250 692
250 1025
251 331
251 573
251 628
251 839
251 1042
252 321
252 521
252 591
252 805
252 851
252 862
252 939
253 344
253 372
253 612
253 992
253 1023
254 359
254 998
255 518
255 880
256 574
256 628
256 843
256 1013
257 655
257 744
257 812
257 917
258 604
258 632
258 702
258 743
258 799
259 424
259 488
259 670
259 733
260 269
260 393
260 438
261 350
261 419
261 922
261 1021
262 296
262 303
262 402
262 509
262 865
262 1051
263 802
263 956
263 1034
264 510
264 969
264 976
264 994
264 1080
265 598
265 657
265 658
265 972
265 1073
266 444
266 678
266 947
266 1027
267 558
267 664
267 727
267 760
268 436
268 488
268 546
268 547
268 717
268 722
268 848
268 910
269 393
269 538
269 764
270 298
270 323
270 519
270 532
270 695
271 433
271 562
271 743
271 963
271 1092
272 679
272 723
272 847
272 950
272 1064
273 453
273 573
273 574
273 835
273 1089
274 291
275 355
275 443
275 596
275 597
275 676
275 775
275 1050
276 466
277 771
277 854
277 903
277 1062
278 349
278 771
278 854
279 604
279 702
279 1092
280 333
280 380
280 878
280 907
280 918
281 554
281 677
281 906
282 331
282 371
282 646
282 908
282 1005
283 798
283 825
283 915
284 426
284 557
284 838
284 897
284 953
285 463
285 849
285 920
286 582
286 605
286 909
286 927
286 1114
287 314
287 401
287 422
287 548
287 866
287 981
288 849
288 940
288 1072
289 348
289 416
289 746
289 760
289 856
289 1093
290 441
290 560
290 767
290 1049
291 383
291 471
291 623
291 644
291 673
292 516
292 747
292 801
292 1053
293 549
293 635
293 836
293 871
293 1111
294 366
294 423
294 886
294 936
295 324
295 462
295 493
295 550
295 772
295 952
296 303
296 387
296 509
296 865
297 377
297 390
297 394
297 654
297 769
297 1077
297 1109
298 323
298 404
298 492
298 508
298 532
298 893
299 419
299 489
299 497
299 661
299 867
299 983
300 386
300 478
300 814
300 996
300 1096
301 357
301 704
301 789
301 1062
302 312
302 376
302 731
303 865
304 496
304 779
304 940
304 1072
305 464
305 711
305 712
306 389
306 419
306 527
306 661
307 397
307 482
307 898
308 672
308 855
308 997
308 1113
309 441
309 770
309 940
309 1030
310 854
310 1088
311 473
311 481
311 684
311 891
311 1062
312 342
312 374
312 376
312 479
313 327
313 515
313 519
313 695
313 985
314 422
314 756
314 866
314 981
315 480
315 484
315 611
315 637
315 1024
315 1071
316 967
317 691
317 797
317 1113
318 556
318 773
318 972
319 357
319 691
319 708
319 758
319 941
320 567
320 590
320 662
320 848
321 368
321 805
321 816
321 862
322 336
322 530
322 833
322 965
323 508
323 563
323 695
323 985
324 385
324 550
324 674
325 465
325 572
325 818
325 905
325 932
326 490
326 517
326 588
326 667
326 698
326 782
326 1010
326 1011
327 470
327 515
327 890
327 985
328 820
328 1000
328 1007
329 384
329 825
329 841
329 915
329 923
330 629
330 690
330 795
330 990
330 1009
331 908
331 1042
332 536
332 843
332 868
333 878
333 907
334 442
334 557
334 762
334 772
334 790
335 341
335 403
335 859
335 963
336 499
336 530
336 833
336 924
336 1117
337 354
337 656
337 885
337 1085
338 477
338 607
338 749
338 774
338 971
339 677
339 748
339 800
339 1045
340 444
340 646
340 678
340 947
340 1005
340 1041
341 379
341 763
341 963
342 374
342 396
342 479
342 565
342 589
342 964
343 494
343 563
343 873
344 612
344 908
345 452
345 459
345 634
345 668
345 1035
346 568
346 701
346 769
347 381
347 680
347 1022
348 455
348 460
348 746
348 856
348 1044
349 771
349 854
350 419
350 922
350 983
351 416
351 420
351 746
351 1047
352 593
352 778
352 811
353 449
353 485
353 892
353 984
353 991
353 1068
354 428
354 545
354 553
354 656
354 885
355 596
355 1050
355 1053
355 1076
356 387
356 726
356 850
356 865
357 691
357 704
357 789
358 434
358 435
358 630
358 666
358 710
358 986
358 1101
359 530
359 592
359 998
360 392
360 754
360 870
360 973
360 1080
361 433
361 665
361 931
361 934
361 1003
362 369
362 455
362 558
362 856
362 901
362 1043
363 411
363 609
363 928
363 969
363 1018
363 1118
364 579
364 911
364 1079
365 369
365 411
365 417
365 455
365 529
365 544
365 1043
366 423
366 651
366 886
366 1112
367 537
367 718
367 949
367 1031
368 531
368 816
368 862
369 455
369 1043
370 471
370 587
370 768
371 579
371 646
371 958
371 960
371 1019
372 577
372 946
372 992
372 1023
373 526
373 566
373 636
373 951
373 977
373 999
374 376
374 396
375 683
375 780
375 929
376 430
376 643
376 1002
376 1102
377 390
377 394
378 897
379 601
379 763
379 1017
380 407
380 878
380 888
381 507
381 523
381 680
381 773
381 784
381 886
381 1112
382 395
382 907
382 1106
383 623
383 765
384 524
384 798
384 915
384 923
384 1078
385 409
385 674
385 821
385 858
386 814
386 931
386 934
386 942
386 1096
387 509
387 850
387 865
388 680
388 808
388 894
388 933
389 527
389 661
389 867
390 394
390 1109
391 640
391 737
392 510
392 754
392 802
392 1070
392 1080
393 538
393 741
393 921
394 769
394 876
394 1033
394 1109
396 964
397 405
397 624
397 815
397 960
398 431
398 467
398 734
398 745
398 1056
398 1074
398 1095
399 435
399 703
399 804
399 1036
399 1101
400 434
400 438
400 741
401 548
401 831
401 884
402 420
402 865
403 743
403 799
403 859
403 963
404 893
404 1011
405 624
405 653
406 535
406 837
407 557
407 772
407 888
408 411
408 455
408 460
408 955
408 1018
409 674
409 821
409 881
410 451
410 601
410 681
411 455
411 529
411 928
411 1018
412 417
412 461
412 544
412 951
412 977
412 999
412 1006
413 570
413 749
413 774
414 452
414 709
414 967
414 1066
415 1095
416 420
416 746
416 1093
417 544
417 951
417 1043
418 815
418 844
418 1066
419 661
419 922
419 983
420 1047
421 487
421 820
421 923
422 548
422 686
422 831
422 866
423 651
423 936
424 670
424 733
424 792
424 982
424 983
425 771
426 557
427 752
427 1021
428 543
428 545
428 555
428 1086
429 707
430 1102
431 467
431 885
431 1075
432 681
432 783
432 800
432 859
433 562
433 610
433 660
433 1003
433 1069
433 1092
434 435
434 633
434 741
434 921
435 633
435 1036
435 1101
436 590
436 659
436 719
437 486
437 642
437 742
437 935
437 1028
438 630
438 700
438 710
438 741
438 1061
439 603
439 642
439 1001
439 1002
439 1102
440 458
440 690
440 742
440 795
440 806
441 560
441 561
441 766
441 940
441 979
441 1049
442 469
442 557
442 790
443 583
443 597
443 676
443 725
443 786
443 846
443 989
443 1008
443 1020
443 1057
444 678
444 947
444 1027
445 642
445 914
445 935
445 1025
446 737
446 914
446 1082
447 449
447 570
447 774
447 984
448 618
448 753
448 1004
449 707
449 984
449 991
450 497
450 925
450 946
450 974
451 601
451 740
451 751
451 1017
452 459
452 709
452 967
453 523
453 1089
454 687
454 1031
454 1055
455 460
455 856
456 775
457 583
458 486
458 629
458 689
458 742
458 795
458 990
459 634
459 967
460 955
461 636
461 999
461 1006
461 1046
461 1091
462 493
462 581
462 762
462 772
463 849
463 920
464 711
464 712
464 724
464 736
464 948
465 818
465 873
465 905
466 761
466 1077
466 1110
467 614
467 715
467 734
467 952
467 1075
468 773
468 807
468 864
469 557
469 790
470 602
470 666
470 890
471 673
471 756
471 768
471 981
472 830
474 481
474 541
474 1054
474 1062
475 515
475 519
475 804
476 848
476 887
476 1051
476 1098
477 552
477 639
477 796
477 971
478 751
478 996
478 1117
479 565
479 948
480 484
480 1024
480 1056
480 1100
481 541
481 827
481 1062
482 815
482 898
482 1066
483 569
483 638
483 712
483 987
483 988
484 611
484 1056
485 892
485 984
485 1063
486 642
486 643
486 689
486 742
487 623
487 820
488 670
488 717
488 910
488 1029
489 792
489 983
490 498
490 667
490 782
490 959
490 966
491 501
491 584
491 929
491 1115
492 532
492 627
494 563
494 818
494 857
494 873
494 877
495 794
495 863
496 501
496 621
496 779
496 1026
496 1072
497 867
497 974
498 806
498 883
498 959
498 966
499 613
499 833
499 924
499 970
499 1071
500 750
500 1100
501 584
501 621
501 779
501 1115
502 569
502 638
502 948
503 554
503 677
503 920
504 657
504 658
504 1021
505 577
505 647
505 669
505 688
505 1108
506 730
506 1066
507 773
507 784
508 563
509 564
509 850
509 1051
510 969
510 1070
510 1080
510 1091
511 513
511 1067
512 729
512 988
513 595
513 899
513 1067
513 1085
514 626
514 786
514 809
514 842
514 897
515 519
515 804
515 890
516 747
517 588
517 962
517 1011
518 575
518 580
518 721
518 744
518 812
518 819
518 880
519 532
519 695
520 585
520 721
521 591
521 635
521 851
521 862
521 875
522 752
522 841
522 1081
523 680
523 1089
523 1112
524 923
524 1078
525 687
525 759
525 787
525 896
526 566
526 901
527 867
527 868
528 714
528 882
528 1106
529 544
529 928
529 1006
530 592
530 965
530 998
531 576
531 686
531 816
531 895
531 968
531 980
532 627
532 778
533 549
533 829
533 855
533 954
534 540
534 771
534 1052
535 816
535 968
536 574
536 808
536 843
537 696
537 785
537 941
537 949
538 764
538 912
538 921
539 759
539 787
539 826
539 900
540 771
540 1052
542 631
542 722
542 727
542 993
542 1108
543 555
543 607
543 649
543 1086
544 1006
545 553
545 555
545 675
546 720
546 722
546 726
546 732
546 848
546 865
547 590
547 848
548 686
548 831
549 836
549 855
549 871
550 674
550 772
550 888
551 599
551 668
551 874
552 639
552 971
553 675
553 803
553 885
553 1075
554 677
554 906
555 607
555 675
555 796
556 773
556 972
557 772
557 838
558 664
558 760
558 856
558 1043
559 747
559 1053
559 1076
561 616
561 766
561 940
562 610
562 763
563 667
563 857
563 985
564 850
564 1051
564 1098
565 589
565 948
565 1064
566 641
566 1116
567 638
567 948
568 640
568 692
568 737
568 769
569 638
569 712
569 736
569 948
570 706
570 774
571 638
571 659
571 662
571 1105
572 679
572 716
572 723
572 834
572 905
572 932
572 1083
573 574
573 622
573 835
573 839
573 1059
574 628
574 808
574 839
574 843
575 655
575 744
575 1032
576 686
576 831
576 884
576 889
576 980
577 578
577 688
577 946
577 947
577 1023
578 947
578 1023
579 709
579 844
579 911
579 1019
580 721
580 819
581 762
581 892
582 587
582 605
582 768
582 837
582 909
582 1014
583 693
583 725
583 846
583 1008
584 621
584 748
585 693
585 721
585 822
585 879
585 880
585 1008
585 1058
586 641
586 788
586 993
586 1090
587 739
587 768
587 909
587 938
588 682
588 962
589 1064
590 659
590 662
590 848
591 845
591 939
592 942
593 627
593 778
593 811
594 956
594 1034
595 677
595 899
595 906
595 1085
595 1086
596 1076
597 775
597 1008
597 1039
598 657
598 933
598 1073
599 634
599 645
599 750
599 874
600 675
600 803
600 952
601 1017
602 666
603 642
603 643
603 1002
604 702
604 1094
605 837
606 853
606 1039
607 749
607 796
608 648
608 692
608 777
608 887
608 995
609 969
609 994
609 1018
609 1118
610 763
610 1003
610 1017
610 1096
611 613
611 745
611 1056
611 1071
611 1095
612 908
612 947
612 1005
612 1023
613 924
613 1071
613 1095
614 803
614 952
614 1075
615 768
615 1014
616 849
616 940
617 694
617 789
617 891
618 1004
618 1040
618 1046
618 1070
619 669
619 699
619 861
619 982
619 1108
621 748
621 1026
622 663
622 1059
623 765
623 820
623 864
623 1000
624 960
625 1034
625 1041
626 897
626 953
627 778
628 839
628 925
628 943
628 974
628 1013
628 1042
629 795
629 990
630 666
630 700
630 710
630 713
630 716
630 1061
630 1083
631 722
631 861
631 910
631 1108
632 783
632 799
632 813
632 859
632 1060
633 741
633 921
633 1036
634 668
634 715
634 750
634 874
634 1100
635 875
636 999
636 1046
637 824
637 965
637 970
637 994
637 1024
637 1071
637 1084
637 1118
638 948
638 987
639 796
640 737
641 788
641 828
641 860
641 993
642 643
642 692
642 935
642 1001
642 1025
643 689
643 1002
644 673
644 981
645 750
645 824
645 1024
645 1084
645 1100
646 958
646 1005
646 1041
647 755
647 1108
648 692
648 777
648 902
648 1001
648 1102
649 776
650 679
650 690
650 847
650 905
651 936
651 945
652 697
652 758
652 919
652 941
653 936
653 945
654 701
654 769
654 1077
654 1110
655 744
655 917
655 939
655 1032
657 658
658 1021
659 662
659 719
660 817
660 1069
661 867
663 685
663 835
663 945
663 1059
664 788
664 860
664 901
664 1043
665 931
665 942
666 916
666 986
666 1083
667 966
668 874
668 1035
669 688
669 982
669 1108
670 699
670 792
670 982
670 1029
671 925
671 926
671 944
671 992
671 1042
672 1113
673 981
674 888
675 796
675 803
675 952
676 786
676 1050
677 800
677 899
677 906
677 1045
677 1086
678 781
678 930
678 1016
678 1027
678 1041
678 1116
679 723
679 847
679 905
680 894
680 1022
681 1067
682 935
683 780
684 884
684 889
684 891
685 835
685 945
686 831
686 1014
687 787
687 896
687 1055
688 946
688 982
689 990
690 795
690 806
690 905
690 1009
691 758
691 789
691 797
692 769
692 902
692 1001
692 1025
693 705
693 822
693 1008
694 789
694 891
694 895
694 997
694 1111
695 985
696 697
696 785
696 787
696 919
697 758
697 787
697 797
697 919
698 742
698 959
698 1010
698 1028
699 861
699 982
699 1029
701 769
702 743
702 1092
703 804
703 912
703 1036
704 1062
705 794
705 822
705 863
706 849
706 920
706 979
707 801
707 991
708 758
708 941
708 1119
709 791
709 911
709 1066
711 724
711 948
712 736
712 988
713 716
713 723
713 724
713 869
713 1061
714 715
714 728
714 757
714 1106
714 1107
715 728
715 734
715 738
715 952
715 1100
716 723
716 1083
718 1031
719 830
720 732
720 848
721 880
722 727
722 865
722 910
723 724
723 948
723 950
724 948
725 846
726 732
726 850
726 865
726 1098
727 760
727 823
727 865
727 993
727 1090
727 1093
728 738
728 821
728 858
729 988
730 936
730 1066
730 1107
731 887
732 848
732 1098
733 983
734 1100
735 841
736 948
737 1082
738 832
738 858
738 952
739 773
739 784
739 864
739 872
739 938
739 1107
740 751
740 852
741 921
742 795
742 806
742 959
742 1028
743 799
743 963
743 1092
744 812
745 1056
745 1095
747 767
747 1053
747 1076
749 774
750 1100
751 852
751 1074
752 1081
753 781
753 957
753 1004
753 1116
754 793
754 802
754 870
754 973
754 975
754 1012
755 993
756 768
756 866
756 981
757 872
757 927
757 1065
757 1103
757 1106
757 1107
758 797
758 941
759 787
759 826
759 829
759 896
759 954
759 1087
760 856
760 1093
761 1077
761 1109
762 772
762 892
763 963
763 1017
764 804
764 912
765 864
766 979
768 866
768 1014
770 1030
770 1033
770 1109
771 854
772 888
773 784
773 807
773 864
774 971
774 984
775 1039
775 1048
776 840
776 1099
777 887
778 811
779 1115
780 783
780 813
780 929
781 930
781 1097
781 1116
782 959
782 1010
783 813
783 859
783 1060
785 919
785 941
786 809
786 1020
787 1055
788 860
788 1090
791 911
791 975
791 1012
792 982
792 983
793 802
793 956
793 975
793 1079
794 863
796 952
798 915
798 1078
799 859
800 899
801 991
801 1053
801 1068
802 956
802 1034
802 1070
803 1075
804 912
805 810
805 939
806 883
806 905
806 959
807 864
809 842
809 907
809 1020
809 1104
810 939
810 1032
812 819
814 942
814 996
815 844
815 913
815 960
816 863
816 968
817 1069
818 877
820 923
820 1000
820 1007
821 858
821 881
821 882
823 865
823 1093
824 994
824 1084
825 841
825 915
826 900
826 954
827 1062
828 1116
829 954
829 1037
829 1087
831 884
832 858
832 952
833 965
833 970
834 916
834 932
834 1083
835 1059
835 1089
836 855
836 1111
838 878
838 953
840 1099
841 923
841 1007
841 1081
842 907
844 913
844 1019
845 871
845 917
845 939
846 989
848 1098
849 920
849 940
849 979
850 1098
851 862
852 1074
854 1062
854 1088
855 997
855 1111
857 877
857 985
858 952
859 1060
860 901
861 910
861 1029
861 1108
862 875
866 1014
869 1061
870 937
870 973
870 1012
871 917
871 1038
872 909
872 927
872 938
876 1033
876 1109
879 1039
879 1058
881 882
882 918
882 1106
883 905
884 889
885 1075
886 936
886 1112
887 948
887 995
887 1051
889 891
889 980
891 895
891 980
894 933
894 1022
895 980
896 1087
897 953
898 936
898 1066
899 906
899 1067
899 1086
900 961
901 1043
902 1001
903 1062
904 1037
904 1087
906 1086
907 918
907 1104
907 1106
908 1005
909 927
909 938
910 1029
911 975
911 1079
912 921
912 1036
913 960
914 1082
916 932
916 1083
917 939
918 1106
919 941
920 1099
921 1036
923 1007
924 1095
925 926
925 946
925 974
925 1042
926 944
926 946
927 1114
928 969
929 1033
929 1115
930 957
930 1016
930 1097
931 934
931 942
933 1022
933 1073
934 1003
934 1096
935 1028
936 945
936 1066
937 973
939 1032
940 1072
941 949
943 974
943 1013
944 946
944 992
946 982
946 992
947 1005
947 1023
948 950
948 1064
950 1064
951 977
955 1018
955 1118
956 1034
957 1034
957 1097
958 1041
959 1010
964 1009
965 970
965 978
965 998
965 1118
969 994
970 1071
972 1073
973 1080
975 1012
975 1079
976 994
976 1080
977 999
978 998
978 1118
979 1049
984 1063
986 1101
989 1057
990 1009
991 1068
993 1090
995 1094
997 1111
997 1113
1000 1007
1001 1102
1002 1102
1003 1096
1004 1046
1006 1091
1008 1058
1015 1068
1016 1041
1017 1096
1018 1118
1020 1104
1022 1073
1024 1084
1024 1100
1026 1072
1027 1116
1033 1109
1034 1070
1037 1038
1037 1087
1039 1048
1039 1058
1040 1046
1040 1070
1040 1091
1046 1091
1051 1098
1053 1076
1054 1062
1054 1088
1057 1104
1062 1088
1065 1103
1065 1106
1070 1091
1074 1095
1077 1109
1077 1110
1085 1086
1089 1112
1103 1106
